       3635.4307  3.40716e-14
       3636.3081  3.41270e-14
       3637.1855  3.31730e-14
       3638.0629  3.30962e-14
       3638.9403  3.38891e-14
       3639.8176  3.22654e-14
       3640.6950  3.30527e-14
       3641.5724  3.20631e-14
       3642.4498  3.37115e-14
       3643.3272  3.19951e-14
       3644.2046  3.20009e-14
       3645.0820  3.18571e-14
       3645.9594  3.22274e-14
       3646.8368  3.14083e-14
       3647.7142  3.14599e-14
       3648.5916  3.15642e-14
       3649.4690  3.24148e-14
       3650.3464  3.15415e-14
       3651.2238  3.16047e-14
       3652.1012  3.02872e-14
       3652.9786  3.09816e-14
       3653.8560  3.06737e-14
       3654.7334  3.01494e-14
       3655.6108  2.94340e-14
       3656.4882  2.96065e-14
       3657.3656  2.91248e-14
       3658.2430  2.84437e-14
       3659.1204  2.90667e-14
       3659.9978  2.83285e-14
       3660.8752  2.77634e-14
       3661.7526  2.76536e-14
       3662.6300  2.71815e-14
       3663.5074  2.76844e-14
       3664.3848  2.74842e-14
       3665.2622  2.63346e-14
       3666.1395  2.59865e-14
       3667.0169  2.54374e-14
       3667.8943  2.53626e-14
       3668.7717  2.51589e-14
       3669.6491  2.45280e-14
       3670.5265  2.51470e-14
       3671.4039  2.53494e-14
       3672.2813  2.46504e-14
       3673.1587  2.36660e-14
       3674.0361  2.44286e-14
       3674.9135  2.49613e-14
       3675.7909  2.43821e-14
       3676.6683  2.36348e-14
       3677.5457  2.31885e-14
       3678.4231  2.33205e-14
       3679.3005  2.30715e-14
       3680.1779  2.31683e-14
       3681.0553  2.28458e-14
       3681.9327  2.21267e-14
       3682.8101  2.26454e-14
       3683.6875  2.26987e-14
       3684.5649  2.21697e-14
       3685.4423  2.20877e-14
       3686.3197  2.21649e-14
       3687.1971  2.20979e-14
       3688.0745  2.12277e-14
       3688.9519  2.11497e-14
       3689.8293  2.11552e-14
       3690.7067  2.14301e-14
       3691.5841  2.07443e-14
       3692.4614  2.05744e-14
       3693.3388  2.07583e-14
       3694.2162  2.08182e-14
       3695.0936  2.03458e-14
       3695.9710  2.00805e-14
       3696.8484  2.00810e-14
       3697.7258  1.97990e-14
       3698.6032  2.00410e-14
       3699.4806  2.02554e-14
       3700.3580  2.03795e-14
       3701.2354  2.00467e-14
       3702.1128  2.02427e-14
       3702.9902  2.04786e-14
       3703.8676  2.01803e-14
       3704.7450  2.02269e-14
       3705.6224  2.00245e-14
       3706.4998  1.93747e-14
       3707.3772  1.99518e-14
       3708.2546  1.98887e-14
       3709.1320  1.97210e-14
       3710.0094  1.99724e-14
       3710.8868  1.99969e-14
       3711.7642  1.94766e-14
       3712.6416  1.92521e-14
       3713.5190  1.99860e-14
       3714.3964  1.99468e-14
       3715.2738  1.96412e-14
       3716.1512  1.94877e-14
       3717.0286  1.92068e-14
       3717.9060  1.93402e-14
       3718.7834  1.95685e-14
       3719.6607  1.94851e-14
       3720.5381  1.95456e-14
       3721.4155  1.92205e-14
       3722.2929  1.92032e-14
       3723.1703  1.92315e-14
       3724.0477  1.92637e-14
       3724.9251  1.93549e-14
       3725.8025  1.96034e-14
       3726.6799  1.98354e-14
       3727.5573  1.93804e-14
       3728.4347  1.93822e-14
       3729.3121  1.93362e-14
       3730.1895  1.94323e-14
       3731.0669  2.02364e-14
       3731.9443  2.01150e-14
       3732.8217  2.00208e-14
       3733.6991  1.97666e-14
       3734.5765  1.99609e-14
       3735.4539  2.03219e-14
       3736.3313  2.01064e-14
       3737.2087  1.99549e-14
       3738.0861  2.00239e-14
       3738.9635  2.04005e-14
       3739.8409  2.05707e-14
       3740.7183  2.08442e-14
       3741.5957  2.08318e-14
       3742.4731  2.02227e-14
       3743.3505  2.02121e-14
       3744.2279  2.02054e-14
       3745.1053  2.08437e-14
       3745.9826  2.04801e-14
       3746.8600  2.06170e-14
       3747.7374  2.05506e-14
       3748.6148  2.00951e-14
       3749.4922  2.03230e-14
       3750.3696  2.09507e-14
       3751.2470  2.01713e-14
       3752.1244  2.03895e-14
       3753.0018  2.05751e-14
       3753.8792  2.10767e-14
       3754.7566  2.10969e-14
       3755.6340  2.12301e-14
       3756.5114  2.13594e-14
       3757.3888  2.08895e-14
       3758.2662  2.05296e-14
       3759.1436  2.03324e-14
       3760.0210  2.10191e-14
       3760.8984  2.11130e-14
       3761.7758  2.05495e-14
       3762.6532  2.11825e-14
       3763.5306  2.15454e-14
       3764.4080  2.14080e-14
       3765.2854  2.18258e-14
       3766.1628  2.18251e-14
       3767.0402  2.20259e-14
       3767.9176  2.19009e-14
       3768.7950  2.16475e-14
       3769.6724  2.20991e-14
       3770.5498  2.15909e-14
       3771.4272  2.18261e-14
       3772.3045  2.24679e-14
       3773.1819  2.29453e-14
       3774.0593  2.29253e-14
       3774.9367  2.25620e-14
       3775.8141  2.29294e-14
       3776.6915  2.25236e-14
       3777.5689  2.33466e-14
       3778.4463  2.36673e-14
       3779.3237  2.36437e-14
       3780.2011  2.34338e-14
       3781.0785  2.36650e-14
       3781.9559  2.32178e-14
       3782.8333  2.32257e-14
       3783.7107  2.35042e-14
       3784.5881  2.35173e-14
       3785.4655  2.41923e-14
       3786.3429  2.43244e-14
       3787.2203  2.36776e-14
       3788.0977  2.36894e-14
       3788.9751  2.43040e-14
       3789.8525  2.46874e-14
       3790.7299  2.40519e-14
       3791.6073  2.45513e-14
       3792.4847  2.48913e-14
       3793.3621  2.51712e-14
       3794.2395  2.52297e-14
       3795.1169  2.52966e-14
       3795.9943  2.58718e-14
       3796.8717  2.58994e-14
       3797.7491  2.61134e-14
       3798.6265  2.58378e-14
       3799.5038  2.60873e-14
       3800.3812  2.66078e-14
       3801.2586  2.62275e-14
       3802.1360  2.62310e-14
       3803.0134  2.71870e-14
       3803.8908  2.71977e-14
       3804.7682  2.74362e-14
       3805.6456  2.71672e-14
       3806.5230  2.82560e-14
       3807.4004  2.76145e-14
       3808.2778  2.80210e-14
       3809.1552  2.80661e-14
       3810.0326  2.80642e-14
       3810.9100  2.88620e-14
       3811.7874  2.87288e-14
       3812.6648  2.91556e-14
       3813.5422  2.98618e-14
       3814.4196  3.04174e-14
       3815.2970  2.99155e-14
       3816.1744  3.01499e-14
       3817.0518  3.08962e-14
       3817.9292  3.10088e-14
       3818.8066  3.11251e-14
       3819.6840  3.14302e-14
       3820.5614  3.19980e-14
       3821.4388  3.11787e-14
       3822.3162  3.19573e-14
       3823.1936  3.28985e-14
       3824.0710  3.34388e-14
       3824.9484  3.34724e-14
       3825.8257  3.35565e-14
       3826.7031  3.40466e-14
       3827.5805  3.41456e-14
       3828.4579  3.40832e-14
       3829.3353  3.47877e-14
       3830.2127  3.53397e-14
       3831.0901  3.53313e-14
       3831.9675  3.56172e-14
       3832.8449  3.61131e-14
       3833.7223  3.67093e-14
       3834.5997  3.70209e-14
       3835.4771  3.66205e-14
       3836.3545  3.69565e-14
       3837.2319  3.83719e-14
       3838.1093  3.87104e-14
       3838.9867  3.90567e-14
       3839.8641  3.92484e-14
       3840.7415  3.94238e-14
       3841.6189  3.97252e-14
       3842.4963  4.10040e-14
       3843.3737  4.12059e-14
       3844.2511  4.14192e-14
       3845.1285  4.18523e-14
       3846.0059  4.29257e-14
       3846.8833  4.27980e-14
       3847.7607  4.26115e-14
       3848.6381  4.40860e-14
       3849.5155  4.38851e-14
       3850.3929  4.45920e-14
       3851.2703  4.57237e-14
       3852.1476  4.57008e-14
       3853.0250  4.59751e-14
       3853.9024  4.71967e-14
       3854.7798  4.75215e-14
       3855.6572  4.78107e-14
       3856.5346  4.75807e-14
       3857.4120  4.76301e-14
       3858.2894  4.88419e-14
       3859.1668  4.97094e-14
       3860.0442  4.92223e-14
       3860.9216  4.98356e-14
       3861.7990  4.97758e-14
       3862.6764  4.99363e-14
       3863.5538  5.10177e-14
       3864.4312  5.18258e-14
       3865.3086  5.22467e-14
       3866.1860  5.24382e-14
       3867.0634  5.37627e-14
       3867.9408  5.40887e-14
       3868.8182  5.40936e-14
       3869.6956  5.50379e-14
       3870.5730  5.53148e-14
       3871.4504  5.49405e-14
       3872.3278  5.53523e-14
       3873.2052  5.55103e-14
       3874.0826  5.60932e-14
       3874.9600  5.67709e-14
       3875.8374  5.59198e-14
       3876.7148  5.69987e-14
       3877.5922  5.83744e-14
       3878.4696  5.87261e-14
       3879.3469  5.93109e-14
       3880.2243  5.98871e-14
       3881.1017  6.01076e-14
       3881.9791  6.02749e-14
       3882.8565  6.07472e-14
       3883.7339  6.13673e-14
       3884.6113  6.20431e-14
       3885.4887  6.22050e-14
       3886.3661  6.35580e-14
       3887.2435  6.33309e-14
       3888.1209  6.26717e-14
       3888.9983  6.40060e-14
       3889.8757  6.34664e-14
       3890.7531  6.33848e-14
       3891.6305  6.51002e-14
       3892.5079  6.45064e-14
       3893.3853  6.41593e-14
       3894.2627  6.55753e-14
       3895.1401  6.52555e-14
       3896.0175  6.56740e-14
       3896.8949  6.61838e-14
       3897.7723  6.52300e-14
       3898.6497  6.62981e-14
       3899.5271  6.59054e-14
       3900.4045  6.50755e-14
       3901.2819  6.76072e-14
       3902.1593  6.64068e-14
       3903.0367  6.71485e-14
       3903.9141  6.80109e-14
       3904.7915  6.73833e-14
       3905.6688  6.79889e-14
       3906.5462  6.75094e-14
       3907.4236  6.77368e-14
       3908.3010  6.85432e-14
       3909.1784  6.88104e-14
       3910.0558  6.83375e-14
       3910.9332  6.83853e-14
       3911.8106  6.89945e-14
       3912.6880  6.91077e-14
       3913.5654  6.86732e-14
       3914.4428  6.80876e-14
       3915.3202  6.83475e-14
       3916.1976  6.77717e-14
       3917.0750  6.80638e-14
       3917.9524  6.83503e-14
       3918.8298  6.89924e-14
       3919.7072  6.86902e-14
       3920.5846  6.90276e-14
       3921.4620  6.81211e-14
       3922.3394  6.77973e-14
       3923.2168  6.82017e-14
       3924.0942  6.77825e-14
       3924.9716  6.77024e-14
       3925.8490  6.77945e-14
       3926.7264  6.80221e-14
       3927.6038  6.71285e-14
       3928.4812  6.68338e-14
       3929.3586  6.73423e-14
       3930.2360  6.62501e-14
       3931.1134  6.67651e-14
       3931.9907  6.49449e-14
       3932.8681  6.09085e-14
       3933.7455  5.05541e-14
       3934.6229  3.25947e-14
       3935.5003  2.42024e-14
       3936.3777  3.99310e-14
       3937.2551  5.88964e-14
       3938.1325  6.48420e-14
       3939.0099  6.60771e-14
       3939.8873  6.60342e-14
       3940.7647  6.51729e-14
       3941.6421  6.59136e-14
       3942.5195  6.50685e-14
       3943.3969  6.44044e-14
       3944.2743  6.48280e-14
       3945.1517  6.53803e-14
       3946.0291  6.57886e-14
       3946.9065  6.50058e-14
       3947.7839  6.55305e-14
       3948.6613  6.44791e-14
       3949.5387  6.55601e-14
       3950.4161  6.55586e-14
       3951.2935  6.53250e-14
       3952.1709  6.40767e-14
       3953.0483  6.41907e-14
       3953.9257  6.41732e-14
       3954.8031  6.42299e-14
       3955.6805  6.48243e-14
       3956.5579  6.39704e-14
       3957.4353  6.36649e-14
       3958.3127  6.19326e-14
       3959.1900  6.09322e-14
       3960.0674  6.17022e-14
       3960.9448  6.33464e-14
       3961.8222  6.40887e-14
       3962.6996  6.33633e-14
       3963.5770  6.35377e-14
       3964.4544  6.35399e-14
       3965.3318  6.31475e-14
       3966.2092  6.25117e-14
       3967.0866  6.07070e-14
       3967.9640  5.80067e-14
       3968.8414  4.81785e-14
       3969.7188  3.32206e-14
       3970.5962  3.30489e-14
       3971.4736  4.91653e-14
       3972.3510  5.91623e-14
       3973.2284  6.10881e-14
       3974.1058  6.10667e-14
       3974.9832  6.16178e-14
       3975.8606  6.12745e-14
       3976.7380  6.11803e-14
       3977.6154  6.12864e-14
       3978.4928  6.08162e-14
       3979.3702  6.13813e-14
       3980.2476  6.07059e-14
       3981.1250  6.03626e-14
       3982.0024  6.02403e-14
       3982.8798  5.86507e-14
       3983.7572  5.99850e-14
       3984.6346  5.95019e-14
       3985.5119  5.92226e-14
       3986.3893  5.93798e-14
       3987.2667  5.96099e-14
       3988.1441  5.99173e-14
       3989.0215  5.96520e-14
       3989.8989  5.90284e-14
       3990.7763  6.12094e-14
       3991.6537  6.11763e-14
       3992.5311  6.13222e-14
       3993.4085  6.08806e-14
       3994.2859  6.10328e-14
       3995.1633  6.11739e-14
       3996.0407  6.11662e-14
       3996.9181  6.09566e-14
       3997.7955  6.24398e-14
       3998.6729  6.13758e-14
       3999.5503  6.17935e-14
       4000.4277  6.15964e-14
       4001.3051  6.11277e-14
       4002.1825  6.25966e-14
       4003.0599  6.35429e-14
       4003.9373  6.28114e-14
       4004.8147  6.22053e-14
       4005.6921  6.32099e-14
       4006.5695  6.34320e-14
       4007.4469  6.37754e-14
       4008.3243  6.47762e-14
       4009.2017  6.55952e-14
       4010.0791  6.49642e-14
       4010.9565  6.47756e-14
       4011.8338  6.58217e-14
       4012.7112  6.55263e-14
       4013.5886  6.58626e-14
       4014.4660  6.64996e-14
       4015.3434  6.74677e-14
       4016.2208  6.68966e-14
       4017.0982  6.71184e-14
       4017.9756  6.74016e-14
       4018.8530  6.86052e-14
       4019.7304  6.69578e-14
       4020.6078  6.89145e-14
       4021.4852  7.02171e-14
       4022.3626  6.90308e-14
       4023.2400  6.87515e-14
       4024.1174  7.01189e-14
       4024.9948  7.09834e-14
       4025.8722  7.01859e-14
       4026.7496  7.04403e-14
       4027.6270  7.06369e-14
       4028.5044  7.11408e-14
       4029.3818  7.11830e-14
       4030.2592  7.19876e-14
       4031.1366  7.26967e-14
       4032.0140  7.29525e-14
       4032.8914  7.14096e-14
       4033.7688  7.29870e-14
       4034.6462  7.20100e-14
       4035.5236  7.14969e-14
       4036.4010  7.25714e-14
       4037.2784  7.22964e-14
       4038.1558  7.23426e-14
       4039.0331  7.36493e-14
       4039.9105  7.28891e-14
       4040.7879  7.44677e-14
       4041.6653  7.40829e-14
       4042.5427  7.44665e-14
       4043.4201  7.50100e-14
       4044.2975  7.48093e-14
       4045.1749  7.50972e-14
       4046.0523  7.54066e-14
       4046.9297  7.53079e-14
       4047.8071  7.56596e-14
       4048.6845  7.66068e-14
       4049.5619  7.55155e-14
       4050.4393  7.61905e-14
       4051.3167  7.73406e-14
       4052.1941  7.79040e-14
       4053.0715  7.79357e-14
       4053.9489  7.77936e-14
       4054.8263  7.83117e-14
       4055.7037  7.80600e-14
       4056.5811  7.80742e-14
       4057.4585  8.02463e-14
       4058.3359  7.95950e-14
       4059.2133  7.94687e-14
       4060.0907  8.06376e-14
       4060.9681  7.96831e-14
       4061.8455  8.00485e-14
       4062.7229  8.00679e-14
       4063.6003  8.00345e-14
       4064.4777  8.06751e-14
       4065.3550  8.13133e-14
       4066.2324  8.11235e-14
       4067.1098  8.15373e-14
       4067.9872  8.16965e-14
       4068.8646  8.23834e-14
       4069.7420  8.17229e-14
       4070.6194  8.22324e-14
       4071.4968  8.14042e-14
       4072.3742  8.23495e-14
       4073.2516  8.23008e-14
       4074.1290  8.15229e-14
       4075.0064  8.10947e-14
       4075.8838  8.19648e-14
       4076.7612  8.22372e-14
       4077.6386  8.09980e-14
       4078.5160  8.15544e-14
       4079.3934  8.25439e-14
       4080.2708  8.17355e-14
       4081.1482  8.28905e-14
       4082.0256  8.15017e-14
       4082.9030  8.12664e-14
       4083.7804  8.18491e-14
       4084.6578  8.10712e-14
       4085.5352  8.15053e-14
       4086.4126  8.13953e-14
       4087.2900  8.10367e-14
       4088.1674  8.20340e-14
       4089.0448  8.24581e-14
       4089.9222  8.11912e-14
       4090.7996  8.11195e-14
       4091.6769  8.13427e-14
       4092.5543  8.10676e-14
       4093.4317  8.09305e-14
       4094.3091  8.11278e-14
       4095.1865  8.19196e-14
       4096.0639  8.14745e-14
       4096.9413  8.22516e-14
       4097.8187  8.21848e-14
       4098.6961  8.14135e-14
       4099.5735  8.08414e-14
       4100.4509  8.12683e-14
       4101.3283  8.16623e-14
       4102.2057  8.22203e-14
       4103.0831  7.95443e-14
       4103.9605  7.86526e-14
       4104.8379  7.58187e-14
       4105.7153  6.90110e-14
       4106.5927  6.03006e-14
       4107.4701  6.29627e-14
       4108.3475  8.02009e-14
       4109.2249  8.12711e-14
       4110.1023  8.20741e-14
       4110.9797  8.17635e-14
       4111.8571  7.98649e-14
       4112.7345  8.02586e-14
       4113.6119  8.02205e-14
       4114.4893  8.11651e-14
       4115.3667  8.01363e-14
       4116.2441  8.04616e-14
       4117.1215  8.16143e-14
       4117.9989  7.94425e-14
       4118.8762  8.14321e-14
       4119.7536  8.07896e-14
       4120.6310  8.13218e-14
       4121.5084  8.16390e-14
       4122.3858  8.12138e-14
       4123.2632  8.08954e-14
       4124.1406  8.01837e-14
       4125.0180  8.00423e-14
       4125.8954  7.87356e-14
       4126.7728  8.03093e-14
       4127.6502  7.88688e-14
       4128.5276  8.11793e-14
       4129.4050  8.10750e-14
       4130.2824  8.02981e-14
       4131.1598  7.98407e-14
       4132.0372  7.98934e-14
       4132.9146  7.96386e-14
       4133.7920  8.03908e-14
       4134.6694  7.89709e-14
       4135.5468  7.85762e-14
       4136.4242  7.85878e-14
       4137.3016  7.89453e-14
       4138.1790  7.91040e-14
       4139.0564  7.85197e-14
       4139.9338  7.87879e-14
       4140.8112  7.81361e-14
       4141.6886  8.01847e-14
       4142.5660  7.87080e-14
       4143.4434  7.79705e-14
       4144.3208  7.90046e-14
       4145.1981  7.91263e-14
       4146.0755  7.86193e-14
       4146.9529  7.82023e-14
       4147.8303  7.89934e-14
       4148.7077  7.84504e-14
       4149.5851  7.65612e-14
       4150.4625  7.87841e-14
       4151.3399  7.91013e-14
       4152.2173  7.89222e-14
       4153.0947  7.87848e-14
       4153.9721  7.81149e-14
       4154.8495  7.94485e-14
       4155.7269  7.96991e-14
       4156.6043  7.87283e-14
       4157.4817  7.91509e-14
       4158.3591  7.87315e-14
       4159.2365  7.90544e-14
       4160.1139  7.98628e-14
       4160.9913  8.14572e-14
       4161.8687  8.05534e-14
       4162.7461  8.01543e-14
       4163.6235  8.10255e-14
       4164.5009  8.00334e-14
       4165.3783  7.95309e-14
       4166.2557  8.00440e-14
       4167.1331  8.08163e-14
       4168.0105  8.10192e-14
       4168.8879  8.10989e-14
       4169.7653  8.21431e-14
       4170.6427  8.19915e-14
       4171.5200  8.03515e-14
       4172.3974  8.15988e-14
       4173.2748  8.24918e-14
       4174.1522  8.08976e-14
       4175.0296  8.16299e-14
       4175.9070  8.24773e-14
       4176.7844  8.27279e-14
       4177.6618  8.20581e-14
       4178.5392  8.13379e-14
       4179.4166  8.11872e-14
       4180.2940  8.02005e-14
       4181.1714  8.15932e-14
       4182.0488  8.22693e-14
       4182.9262  8.16916e-14
       4183.8036  8.25179e-14
       4184.6810  8.13025e-14
       4185.5584  8.18999e-14
       4186.4358  8.10445e-14
       4187.3132  8.10775e-14
       4188.1906  8.19822e-14
       4189.0680  8.16799e-14
       4189.9454  8.09051e-14
       4190.8228  8.15058e-14
       4191.7002  8.10930e-14
       4192.5776  8.13180e-14
       4193.4550  8.15524e-14
       4194.3324  8.14211e-14
       4195.2098  8.06667e-14
       4196.0872  7.97890e-14
       4196.9646  7.87694e-14
       4197.8420  8.08152e-14
       4198.7193  8.01100e-14
       4199.5967  7.97028e-14
       4200.4741  7.93947e-14
       4201.3515  7.95077e-14
       4202.2289  7.83207e-14
       4203.1063  7.94052e-14
       4203.9837  7.73106e-14
       4204.8611  7.77852e-14
       4205.7385  7.69969e-14
       4206.6159  7.77291e-14
       4207.4933  7.63371e-14
       4208.3707  7.65729e-14
       4209.2481  7.84992e-14
       4210.1255  7.67567e-14
       4211.0029  7.64341e-14
       4211.8803  7.65243e-14
       4212.7577  7.61064e-14
       4213.6351  7.58853e-14
       4214.5125  7.67483e-14
       4215.3899  7.54014e-14
       4216.2673  7.60093e-14
       4217.1447  7.66456e-14
       4218.0221  7.51854e-14
       4218.8995  7.44122e-14
       4219.7769  7.50441e-14
       4220.6543  7.41487e-14
       4221.5317  7.44738e-14
       4222.4091  7.43210e-14
       4223.2865  7.32928e-14
       4224.1639  7.40777e-14
       4225.0412  7.31902e-14
       4225.9186  7.36500e-14
       4226.7960  7.32141e-14
       4227.6734  7.23112e-14
       4228.5508  7.10697e-14
       4229.4282  7.13659e-14
       4230.3056  7.26300e-14
       4231.1830  7.14738e-14
       4232.0604  7.10282e-14
       4232.9378  6.98478e-14
       4233.8152  6.70557e-14
       4234.6926  6.77829e-14
       4235.5700  6.97159e-14
       4236.4474  7.09481e-14
       4237.3248  7.14735e-14
       4238.2022  7.03569e-14
       4239.0796  7.04458e-14
       4239.9570  6.99995e-14
       4240.8344  7.04028e-14
       4241.7118  6.90931e-14
       4242.5892  6.87818e-14
       4243.4666  6.82171e-14
       4244.3440  6.72231e-14
       4245.2214  6.89331e-14
       4246.0988  6.80084e-14
       4246.9762  6.73219e-14
       4247.8536  6.76285e-14
       4248.7310  6.69968e-14
       4249.6084  6.65556e-14
       4250.4858  6.63327e-14
       4251.3631  6.56830e-14
       4252.2405  6.43403e-14
       4253.1179  6.50196e-14
       4253.9953  6.41386e-14
       4254.8727  6.36242e-14
       4255.7501  6.38630e-14
       4256.6275  6.26569e-14
       4257.5049  6.28631e-14
       4258.3823  6.16335e-14
       4259.2597  6.16683e-14
       4260.1371  6.22493e-14
       4261.0145  6.16923e-14
       4261.8919  6.20239e-14
       4262.7693  6.04889e-14
       4263.6467  5.98925e-14
       4264.5241  6.05543e-14
       4265.4015  6.03174e-14
       4266.2789  5.99599e-14
       4267.1563  6.05715e-14
       4268.0337  5.98312e-14
       4268.9111  5.95575e-14
       4269.7885  5.94721e-14
       4270.6659  5.94409e-14
       4271.5433  5.93589e-14
       4272.4207  5.81896e-14
       4273.2981  5.89057e-14
       4274.1755  5.83820e-14
       4275.0529  5.81953e-14
       4275.9303  5.81321e-14
       4276.8077  5.85082e-14
       4277.6851  5.88373e-14
       4278.5624  5.80030e-14
       4279.4398  5.67965e-14
       4280.3172  5.74051e-14
       4281.1946  5.65159e-14
       4282.0720  5.78547e-14
       4282.9494  5.67588e-14
       4283.8268  5.63005e-14
       4284.7042  5.59005e-14
       4285.5816  5.63002e-14
       4286.4590  5.65802e-14
       4287.3364  5.61157e-14
       4288.2138  5.57271e-14
       4289.0912  5.47782e-14
       4289.9686  5.52181e-14
       4290.8460  5.52634e-14
       4291.7234  5.54562e-14
       4292.6008  5.63019e-14
       4293.4782  5.56735e-14
       4294.3556  5.46261e-14
       4295.2330  5.47102e-14
       4296.1104  5.47261e-14
       4296.9878  5.45331e-14
       4297.8652  5.46522e-14
       4298.7426  5.51045e-14
       4299.6200  5.54638e-14
       4300.4974  5.51020e-14
       4301.3748  5.38421e-14
       4302.2522  5.41837e-14
       4303.1296  5.47653e-14
       4304.0070  5.53117e-14
       4304.8843  5.46588e-14
       4305.7617  5.54790e-14
       4306.6391  5.54571e-14
       4307.5165  5.56704e-14
       4308.3939  5.54179e-14
       4309.2713  5.56474e-14
       4310.1487  5.51082e-14
       4311.0261  5.50527e-14
       4311.9035  5.50539e-14
       4312.7809  5.66376e-14
       4313.6583  5.70094e-14
       4314.5357  5.62457e-14
       4315.4131  5.65652e-14
       4316.2905  5.69653e-14
       4317.1679  5.61753e-14
       4318.0453  5.64307e-14
       4318.9227  5.69322e-14
       4319.8001  5.77112e-14
       4320.6775  5.63920e-14
       4321.5549  5.60381e-14
       4322.4323  5.57873e-14
       4323.3097  5.61373e-14
       4324.1871  5.74054e-14
       4325.0645  5.72057e-14
       4325.9419  5.82635e-14
       4326.8193  5.80537e-14
       4327.6967  5.81943e-14
       4328.5741  5.80999e-14
       4329.4515  5.73202e-14
       4330.3289  5.85052e-14
       4331.2062  5.87707e-14
       4332.0836  5.84629e-14
       4332.9610  5.93020e-14
       4333.8384  5.95618e-14
       4334.7158  5.86948e-14
       4335.5932  5.86946e-14
       4336.4706  5.90384e-14
       4337.3480  5.98189e-14
       4338.2254  5.99017e-14
       4339.1028  5.96574e-14
       4339.9802  5.94879e-14
       4340.8576  5.95006e-14
       4341.7350  6.03264e-14
       4342.6124  6.09277e-14
       4343.4898  6.08369e-14
       4344.3672  6.06615e-14
       4345.2446  6.11460e-14
       4346.1220  6.20477e-14
       4346.9994  6.12362e-14
       4347.8768  6.16883e-14
       4348.7542  6.20580e-14
       4349.6316  6.17757e-14
       4350.5090  6.24012e-14
       4351.3864  6.24191e-14
       4352.2638  6.13612e-14
       4353.1412  6.14060e-14
       4354.0186  6.17740e-14
       4354.8960  6.19221e-14
       4355.7734  6.14996e-14
       4356.6508  6.20375e-14
       4357.5282  6.23769e-14
       4358.4055  6.24344e-14
       4359.2829  6.25407e-14
       4360.1603  6.24844e-14
       4361.0377  6.32133e-14
       4361.9151  6.32915e-14
       4362.7925  6.38573e-14
       4363.6699  6.41592e-14
       4364.5473  6.47102e-14
       4365.4247  6.42321e-14
       4366.3021  6.38344e-14
       4367.1795  6.45118e-14
       4368.0569  6.51841e-14
       4368.9343  6.45066e-14
       4369.8117  6.51520e-14
       4370.6891  6.55120e-14
       4371.5665  6.50117e-14
       4372.4439  6.53164e-14
       4373.3213  6.62870e-14
       4374.1987  6.62845e-14
       4375.0761  6.66349e-14
       4375.9535  6.71211e-14
       4376.8309  6.69100e-14
       4377.7083  6.71376e-14
       4378.5857  6.78552e-14
       4379.4631  6.83440e-14
       4380.3405  6.95014e-14
       4381.2179  6.90294e-14
       4382.0953  6.91323e-14
       4382.9727  6.99650e-14
       4383.8501  6.98035e-14
       4384.7274  7.02129e-14
       4385.6048  7.03229e-14
       4386.4822  7.06724e-14
       4387.3596  7.07444e-14
       4388.2370  7.08289e-14
       4389.1144  7.11844e-14
       4389.9918  7.08934e-14
       4390.8692  7.20334e-14
       4391.7466  7.17538e-14
       4392.6240  7.15655e-14
       4393.5014  7.20700e-14
       4394.3788  7.26564e-14
       4395.2562  7.33280e-14
       4396.1336  7.33375e-14
       4397.0110  7.44058e-14
       4397.8884  7.41738e-14
       4398.7658  7.46451e-14
       4399.6432  7.53599e-14
       4400.5206  7.53612e-14
       4401.3980  7.61642e-14
       4402.2754  7.59836e-14
       4403.1528  7.67430e-14
       4404.0302  7.73550e-14
       4404.9076  7.73172e-14
       4405.7850  7.75387e-14
       4406.6624  7.77064e-14
       4407.5398  7.79829e-14
       4408.4172  7.76850e-14
       4409.2946  7.87617e-14
       4410.1720  7.93614e-14
       4411.0493  7.93192e-14
       4411.9267  7.97875e-14
       4412.8041  8.01109e-14
       4413.6815  8.02723e-14
       4414.5589  8.15812e-14
       4415.4363  8.15270e-14
       4416.3137  8.11080e-14
       4417.1911  8.17683e-14
       4418.0685  8.21715e-14
       4418.9459  8.14859e-14
       4419.8233  8.12709e-14
       4420.7007  8.22609e-14
       4421.5781  8.22566e-14
       4422.4555  8.13283e-14
       4423.3329  8.14290e-14
       4424.2103  8.19940e-14
       4425.0877  8.22312e-14
       4425.9651  8.18871e-14
       4426.8425  8.19666e-14
       4427.7199  8.21362e-14
       4428.5973  8.18744e-14
       4429.4747  8.25112e-14
       4430.3521  8.28940e-14
       4431.2295  8.27784e-14
       4432.1069  8.27725e-14
       4432.9843  8.38087e-14
       4433.8617  8.46511e-14
       4434.7391  8.45759e-14
       4435.6165  8.44412e-14
       4436.4939  8.56375e-14
       4437.3713  8.62303e-14
       4438.2486  8.57564e-14
       4439.1260  8.72831e-14
       4440.0034  8.86238e-14
       4440.8808  8.82113e-14
       4441.7582  8.88842e-14
       4442.6356  8.84911e-14
       4443.5130  9.02729e-14
       4444.3904  9.04025e-14
       4445.2678  8.96550e-14
       4446.1452  9.20516e-14
       4447.0226  9.30883e-14
       4447.9000  9.18289e-14
       4448.7774  9.16605e-14
       4449.6548  9.30031e-14
       4450.5322  9.31936e-14
       4451.4096  9.25389e-14
       4452.2870  9.33188e-14
       4453.1644  9.31735e-14
       4454.0418  9.35736e-14
       4454.9192  9.39174e-14
       4455.7966  9.51599e-14
       4456.6740  9.60373e-14
       4457.5514  9.42567e-14
       4458.4288  9.49712e-14
       4459.3062  9.59282e-14
       4460.1836  9.58480e-14
       4461.0610  9.58875e-14
       4461.9384  9.63393e-14
       4462.8158  9.80867e-14
       4463.6932  9.76567e-14
       4464.5705  9.71542e-14
       4465.4479  9.82332e-14
       4466.3253  9.84219e-14
       4467.2027  9.91522e-14
       4468.0801  9.93798e-14
       4468.9575  1.00173e-13
       4469.8349  9.95120e-14
       4470.7123  9.98634e-14
       4471.5897  1.01045e-13
       4472.4671  1.01192e-13
       4473.3445  1.01491e-13
       4474.2219  1.02074e-13
       4475.0993  1.02433e-13
       4475.9767  1.02693e-13
       4476.8541  1.04146e-13
       4477.7315  1.03480e-13
       4478.6089  1.03779e-13
       4479.4863  1.04451e-13
       4480.3637  1.03695e-13
       4481.2411  1.05088e-13
       4482.1185  1.03315e-13
       4482.9959  1.05471e-13
       4483.8733  1.06809e-13
       4484.7507  1.06122e-13
       4485.6281  1.07156e-13
       4486.5055  1.06716e-13
       4487.3829  1.06880e-13
       4488.2603  1.07719e-13
       4489.1377  1.07255e-13
       4490.0151  1.07960e-13
       4490.8924  1.07896e-13
       4491.7698  1.09350e-13
       4492.6472  1.08549e-13
       4493.5246  1.08775e-13
       4494.4020  1.10313e-13
       4495.2794  1.08126e-13
       4496.1568  1.10988e-13
       4497.0342  1.10191e-13
       4497.9116  1.10658e-13
       4498.7890  1.11296e-13
       4499.6664  1.10661e-13
       4500.5438  1.10612e-13
       4501.4212  1.08969e-13
       4502.2986  1.08659e-13
       4503.1760  1.09307e-13
       4504.0534  1.09431e-13
       4504.9308  1.09846e-13
       4505.8082  1.10173e-13
       4506.6856  1.11999e-13
       4507.5630  1.12505e-13
       4508.4404  1.13964e-13
       4509.3178  1.14061e-13
       4510.1952  1.13135e-13
       4511.0726  1.13354e-13
       4511.9500  1.14232e-13
       4512.8274  1.15489e-13
       4513.7048  1.13296e-13
       4514.5822  1.14392e-13
       4515.4596  1.13185e-13
       4516.3370  1.14525e-13
       4517.2144  1.14548e-13
       4518.0917  1.14169e-13
       4518.9691  1.13875e-13
       4519.8465  1.14279e-13
       4520.7239  1.13293e-13
       4521.6013  1.15277e-13
       4522.4787  1.14627e-13
       4523.3561  1.14354e-13
       4524.2335  1.14410e-13
       4525.1109  1.13259e-13
       4525.9883  1.13803e-13
       4526.8657  1.13752e-13
       4527.7431  1.13641e-13
       4528.6205  1.13173e-13
       4529.4979  1.11807e-13
       4530.3753  1.12645e-13
       4531.2527  1.13486e-13
       4532.1301  1.12301e-13
       4533.0075  1.11907e-13
       4533.8849  1.12761e-13
       4534.7623  1.12264e-13
       4535.6397  1.12229e-13
       4536.5171  1.12361e-13
       4537.3945  1.13766e-13
       4538.2719  1.12587e-13
       4539.1493  1.14606e-13
       4540.0267  1.11892e-13
       4540.9041  1.12941e-13
       4541.7815  1.13087e-13
       4542.6589  1.12336e-13
       4543.5363  1.11201e-13
       4544.4136  1.11484e-13
       4545.2910  1.10649e-13
       4546.1684  1.10934e-13
       4547.0458  1.10886e-13
       4547.9232  1.10075e-13
       4548.8006  1.11466e-13
       4549.6780  1.10324e-13
       4550.5554  1.10525e-13
       4551.4328  1.10655e-13
       4552.3102  1.10206e-13
       4553.1876  1.09057e-13
       4554.0650  1.10244e-13
       4554.9424  1.10840e-13
       4555.8198  1.09863e-13
       4556.6972  1.10641e-13
       4557.5746  1.09991e-13
       4558.4520  1.10280e-13
       4559.3294  1.09411e-13
       4560.2068  1.10214e-13
       4561.0842  1.10552e-13
       4561.9616  1.10009e-13
       4562.8390  1.09912e-13
       4563.7164  1.10461e-13
       4564.5938  1.09402e-13
       4565.4712  1.10022e-13
       4566.3486  1.10304e-13
       4567.2260  1.09032e-13
       4568.1034  1.10970e-13
       4568.9808  1.11164e-13
       4569.8582  1.10244e-13
       4570.7355  1.10327e-13
       4571.6129  1.10839e-13
       4572.4903  1.10716e-13
       4573.3677  1.10255e-13
       4574.2451  1.10814e-13
       4575.1225  1.11380e-13
       4575.9999  1.10906e-13
       4576.8773  1.10135e-13
       4577.7547  1.10313e-13
       4578.6321  1.11482e-13
       4579.5095  1.11687e-13
       4580.3869  1.10703e-13
       4581.2643  1.11927e-13
       4582.1417  1.11616e-13
       4583.0191  1.11663e-13
       4583.8965  1.11595e-13
       4584.7739  1.11420e-13
       4585.6513  1.11297e-13
       4586.5287  1.11660e-13
       4587.4061  1.11205e-13
       4588.2835  1.12412e-13
       4589.1609  1.11806e-13
       4590.0383  1.11857e-13
       4590.9157  1.12214e-13
       4591.7931  1.12127e-13
       4592.6705  1.11366e-13
       4593.5479  1.11489e-13
       4594.4253  1.12632e-13
       4595.3027  1.11743e-13
       4596.1801  1.13676e-13
       4597.0575  1.13351e-13
       4597.9348  1.12273e-13
       4598.8122  1.13120e-13
       4599.6896  1.13636e-13
       4600.5670  1.13851e-13
       4601.4444  1.14564e-13
       4602.3218  1.14699e-13
       4603.1992  1.13813e-13
       4604.0766  1.13665e-13
       4604.9540  1.13688e-13
       4605.8314  1.13788e-13
       4606.7088  1.13767e-13
       4607.5862  1.13893e-13
       4608.4636  1.14133e-13
       4609.3410  1.13642e-13
       4610.2184  1.14091e-13
       4611.0958  1.13766e-13
       4611.9732  1.12780e-13
       4612.8506  1.12645e-13
       4613.7280  1.12542e-13
       4614.6054  1.13716e-13
       4615.4828  1.13542e-13
       4616.3602  1.12418e-13
       4617.2376  1.11863e-13
       4618.1150  1.12150e-13
       4618.9924  1.11956e-13
       4619.8698  1.12210e-13
       4620.7472  1.12169e-13
       4621.6246  1.11661e-13
       4622.5020  1.10857e-13
       4623.3794  1.10861e-13
       4624.2567  1.10509e-13
       4625.1341  1.10166e-13
       4626.0115  1.09997e-13
       4626.8889  1.08515e-13
       4627.7663  1.09834e-13
       4628.6437  1.09562e-13
       4629.5211  1.08082e-13
       4630.3985  1.08043e-13
       4631.2759  1.07333e-13
       4632.1533  1.07994e-13
       4633.0307  1.07954e-13
       4633.9081  1.06465e-13
       4634.7855  1.05604e-13
       4635.6629  1.04880e-13
       4636.5403  1.05451e-13
       4637.4177  1.05337e-13
       4638.2951  1.04119e-13
       4639.1725  1.04387e-13
       4640.0499  1.03441e-13
       4640.9273  1.02654e-13
       4641.8047  1.02556e-13
       4642.6821  1.02421e-13
       4643.5595  1.02226e-13
       4644.4369  1.02415e-13
       4645.3143  1.02966e-13
       4646.1917  1.02394e-13
       4647.0691  1.01537e-13
       4647.9465  9.97935e-14
       4648.8239  9.96599e-14
       4649.7013  1.01125e-13
       4650.5786  9.95059e-14
       4651.4560  9.92060e-14
       4652.3334  9.85670e-14
       4653.2108  9.82960e-14
       4654.0882  9.93805e-14
       4654.9656  9.96377e-14
       4655.8430  9.96394e-14
       4656.7204  9.87818e-14
       4657.5978  9.84562e-14
       4658.4752  9.89100e-14
       4659.3526  9.89608e-14
       4660.2300  9.96176e-14
       4661.1074  9.88490e-14
       4661.9848  9.82597e-14
       4662.8622  9.84048e-14
       4663.7396  9.81745e-14
       4664.6170  9.73372e-14
       4665.4944  9.72828e-14
       4666.3718  9.80860e-14
       4667.2492  9.73750e-14
       4668.1266  9.64769e-14
       4669.0040  9.51433e-14
       4669.8814  9.54755e-14
       4670.7588  9.55294e-14
       4671.6362  9.61236e-14
       4672.5136  9.51081e-14
       4673.3910  9.35221e-14
       4674.2684  9.39985e-14
       4675.1458  9.42668e-14
       4676.0232  9.41159e-14
       4676.9006  9.34896e-14
       4677.7779  9.21376e-14
       4678.6553  9.18558e-14
       4679.5327  9.25767e-14
       4680.4101  9.16518e-14
       4681.2875  9.09636e-14
       4682.1649  9.06184e-14
       4683.0423  8.93935e-14
       4683.9197  8.94893e-14
       4684.7971  8.89773e-14
       4685.6745  8.79963e-14
       4686.5519  8.87506e-14
       4687.4293  8.82519e-14
       4688.3067  8.80294e-14
       4689.1841  8.84452e-14
       4690.0615  8.75435e-14
       4690.9389  8.73638e-14
       4691.8163  8.73785e-14
       4692.6937  8.67479e-14
       4693.5711  8.65949e-14
       4694.4485  8.52524e-14
       4695.3259  8.46070e-14
       4696.2033  8.43842e-14
       4697.0807  8.50423e-14
       4697.9581  8.36390e-14
       4698.8355  8.38426e-14
       4699.7129  8.33915e-14
       4700.5903  8.24922e-14
       4701.4677  8.20902e-14
       4702.3451  8.18315e-14
       4703.2225  8.29012e-14
       4704.0998  8.27660e-14
       4704.9772  8.12361e-14
       4705.8546  8.01692e-14
       4706.7320  8.11480e-14
       4707.6094  8.13958e-14
       4708.4868  8.10669e-14
       4709.3642  8.12256e-14
       4710.2416  8.09944e-14
       4711.1190  8.02214e-14
       4711.9964  7.96694e-14
       4712.8738  7.97970e-14
       4713.7512  7.99195e-14
       4714.6286  8.00516e-14
       4715.5060  7.92397e-14
       4716.3834  7.92429e-14
       4717.2608  7.94853e-14
       4718.1382  7.95100e-14
       4719.0156  7.93924e-14
       4719.8930  8.02279e-14
       4720.7704  7.86545e-14
       4721.6478  7.84516e-14
       4722.5252  7.93577e-14
       4723.4026  7.93596e-14
       4724.2800  7.86483e-14
       4725.1574  7.86274e-14
       4726.0348  7.85001e-14
       4726.9122  7.86643e-14
       4727.7896  7.72228e-14
       4728.6670  7.68344e-14
       4729.5444  7.62642e-14
       4730.4217  7.77834e-14
       4731.2991  7.85580e-14
       4732.1765  7.97707e-14
       4733.0539  7.92956e-14
       4733.9313  7.85651e-14
       4734.8087  7.90088e-14
       4735.6861  7.89868e-14
       4736.5635  7.75999e-14
       4737.4409  7.94899e-14
       4738.3183  7.89829e-14
       4739.1957  7.94161e-14
       4740.0731  7.90890e-14
       4740.9505  7.88192e-14
       4741.8279  7.92979e-14
       4742.7053  7.89362e-14
       4743.5827  7.82884e-14
       4744.4601  7.89428e-14
       4745.3375  7.80317e-14
       4746.2149  7.93062e-14
       4747.0923  7.83293e-14
       4747.9697  7.88622e-14
       4748.8471  7.93553e-14
       4749.7245  7.80561e-14
       4750.6019  7.77577e-14
       4751.4793  7.90671e-14
       4752.3567  7.83380e-14
       4753.2341  7.85070e-14
       4754.1115  7.70946e-14
       4754.9889  7.84394e-14
       4755.8663  7.88460e-14
       4756.7437  7.80165e-14
       4757.6210  7.76621e-14
       4758.4984  7.76390e-14
       4759.3758  7.75397e-14
       4760.2532  7.72787e-14
       4761.1306  7.74158e-14
       4762.0080  7.58872e-14
       4762.8854  7.70256e-14
       4763.7628  7.60198e-14
       4764.6402  7.60826e-14
       4765.5176  7.56318e-14
       4766.3950  7.55600e-14
       4767.2724  7.52542e-14
       4768.1498  7.62690e-14
       4769.0272  7.55656e-14
       4769.9046  7.66167e-14
       4770.7820  7.60055e-14
       4771.6594  7.52301e-14
       4772.5368  7.51486e-14
       4773.4142  7.56056e-14
       4774.2916  7.50563e-14
       4775.1690  7.61347e-14
       4776.0464  7.60129e-14
       4776.9238  7.54780e-14
       4777.8012  7.46217e-14
       4778.6786  7.42957e-14
       4779.5560  7.57175e-14
       4780.4334  7.46457e-14
       4781.3108  7.31955e-14
       4782.1882  7.39491e-14
       4783.0656  7.51423e-14
       4783.9429  7.39257e-14
       4784.8203  7.36317e-14
       4785.6977  7.39062e-14
       4786.5751  7.42880e-14
       4787.4525  7.30812e-14
       4788.3299  7.32032e-14
       4789.2073  7.28807e-14
       4790.0847  7.24567e-14
       4790.9621  7.26674e-14
       4791.8395  7.37652e-14
       4792.7169  7.26731e-14
       4793.5943  7.19003e-14
       4794.4717  7.15055e-14
       4795.3491  7.17349e-14
       4796.2265  7.23524e-14
       4797.1039  7.18331e-14
       4797.9813  7.19612e-14
       4798.8587  7.14793e-14
       4799.7361  7.12001e-14
       4800.6135  7.11681e-14
       4801.4909  7.01345e-14
       4802.3683  7.07017e-14
       4803.2457  7.02219e-14
       4804.1231  7.00888e-14
       4805.0005  7.02213e-14
       4805.8779  6.94298e-14
       4806.7553  6.91920e-14
       4807.6327  6.89427e-14
       4808.5101  6.84443e-14
       4809.3875  6.90968e-14
       4810.2648  6.83672e-14
       4811.1422  6.86237e-14
       4812.0196  6.85520e-14
       4812.8970  6.78611e-14
       4813.7744  6.75723e-14
       4814.6518  6.83685e-14
       4815.5292  6.83072e-14
       4816.4066  6.77785e-14
       4817.2840  6.84514e-14
       4818.1614  6.88551e-14
       4819.0388  6.85603e-14
       4819.9162  6.82816e-14
       4820.7936  6.76503e-14
       4821.6710  6.84770e-14
       4822.5484  6.84535e-14
       4823.4258  6.81590e-14
       4824.3032  6.78645e-14
       4825.1806  6.81255e-14
       4826.0580  6.83672e-14
       4826.9354  6.70987e-14
       4827.8128  6.77994e-14
       4828.6902  6.82353e-14
       4829.5676  6.81479e-14
       4830.4450  6.76041e-14
       4831.3224  6.70048e-14
       4832.1998  6.81458e-14
       4833.0772  6.78981e-14
       4833.9546  6.80631e-14
       4834.8320  6.74856e-14
       4835.7094  6.75011e-14
       4836.5868  6.72096e-14
       4837.4641  6.73458e-14
       4838.3415  6.82563e-14
       4839.2189  6.77908e-14
       4840.0963  6.86913e-14
       4840.9737  6.88743e-14
       4841.8511  6.83541e-14
       4842.7285  6.86513e-14
       4843.6059  6.85028e-14
       4844.4833  6.88464e-14
       4845.3607  6.80572e-14
       4846.2381  6.86880e-14
       4847.1155  6.95892e-14
       4847.9929  6.95337e-14
       4848.8703  6.95327e-14
       4849.7477  6.95340e-14
       4850.6251  7.01455e-14
       4851.5025  7.03761e-14
       4852.3799  6.94660e-14
       4853.2573  6.98772e-14
       4854.1347  7.15330e-14
       4855.0121  7.05730e-14
       4855.8895  7.09717e-14
       4856.7669  7.20815e-14
       4857.6443  7.13153e-14
       4858.5217  7.18668e-14
       4859.3991  7.34060e-14
       4860.2765  7.35474e-14
       4861.1539  7.39970e-14
       4862.0313  7.40353e-14
       4862.9087  7.42607e-14
       4863.7860  7.53525e-14
       4864.6634  7.52923e-14
       4865.5408  7.57394e-14
       4866.4182  7.60263e-14
       4867.2956  7.67541e-14
       4868.1730  7.71780e-14
       4869.0504  7.74548e-14
       4869.9278  7.81886e-14
       4870.8052  7.90927e-14
       4871.6826  7.90022e-14
       4872.5600  7.86308e-14
       4873.4374  7.91085e-14
       4874.3148  7.93050e-14
       4875.1922  8.01979e-14
       4876.0696  7.99820e-14
       4876.9470  7.91167e-14
       4877.8244  8.04374e-14
       4878.7018  8.05554e-14
       4879.5792  8.06030e-14
       4880.4566  8.11780e-14
       4881.3340  8.11491e-14
       4882.2114  8.17700e-14
       4883.0888  8.23310e-14
       4883.9662  8.28334e-14
       4884.8436  8.30072e-14
       4885.7210  8.34230e-14
       4886.5984  8.41244e-14
       4887.4758  8.37836e-14
       4888.3532  8.43252e-14
       4889.2306  8.42259e-14
       4890.1079  8.47267e-14
       4890.9853  8.59519e-14
       4891.8627  8.57715e-14
       4892.7401  8.53148e-14
       4893.6175  8.69938e-14
       4894.4949  8.62517e-14
       4895.3723  8.62382e-14
       4896.2497  8.59119e-14
       4897.1271  8.63765e-14
       4898.0045  8.69518e-14
       4898.8819  8.61545e-14
       4899.7593  8.62181e-14
       4900.6367  8.69818e-14
       4901.5141  8.64419e-14
       4902.3915  8.64791e-14
       4903.2689  8.59436e-14
       4904.1463  8.55562e-14
       4905.0237  8.54171e-14
       4905.9011  8.53102e-14
       4906.7785  8.53968e-14
       4907.6559  8.44834e-14
       4908.5333  8.50064e-14
       4909.4107  8.43121e-14
       4910.2881  8.50199e-14
       4911.1655  8.41835e-14
       4912.0429  8.28024e-14
       4912.9203  8.36920e-14
       4913.7977  8.35498e-14
       4914.6751  8.20120e-14
       4915.5525  8.19645e-14
       4916.4299  8.09534e-14
       4917.3072  8.14143e-14
       4918.1846  8.04047e-14
       4919.0620  8.10679e-14
       4919.9394  7.97462e-14
       4920.8168  7.88739e-14
       4921.6942  7.91562e-14
       4922.5716  7.87261e-14
       4923.4490  7.90282e-14
       4924.3264  7.82117e-14
       4925.2038  7.86404e-14
       4926.0812  7.70620e-14
       4926.9586  7.74682e-14
       4927.8360  7.72843e-14
       4928.7134  7.68720e-14
       4929.5908  7.61149e-14
       4930.4682  7.58410e-14
       4931.3456  7.62598e-14
       4932.2230  7.49194e-14
       4933.1004  7.50747e-14
       4933.9778  7.58411e-14
       4934.8552  7.53030e-14
       4935.7326  7.42514e-14
       4936.6100  7.34162e-14
       4937.4874  7.37489e-14
       4938.3648  7.37209e-14
       4939.2422  7.36592e-14
       4940.1196  7.26860e-14
       4940.9970  7.33266e-14
       4941.8744  7.25552e-14
       4942.7518  7.36290e-14
       4943.6291  7.22823e-14
       4944.5065  7.28112e-14
       4945.3839  7.30595e-14
       4946.2613  7.24142e-14
       4947.1387  7.24811e-14
       4948.0161  7.24475e-14
       4948.8935  7.26964e-14
       4949.7709  7.20024e-14
       4950.6483  7.32414e-14
       4951.5257  7.25808e-14
       4952.4031  7.23961e-14
       4953.2805  7.22694e-14
       4954.1579  7.19113e-14
       4955.0353  7.29620e-14
       4955.9127  7.20329e-14
       4956.7901  7.22259e-14
       4957.6675  7.28301e-14
       4958.5449  7.21700e-14
       4959.4223  7.34722e-14
       4960.2997  7.26536e-14
       4961.1771  7.30996e-14
       4962.0545  7.35607e-14
       4962.9319  7.31325e-14
       4963.8093  7.26344e-14
       4964.6867  7.24320e-14
       4965.5641  7.18023e-14
       4966.4415  7.29873e-14
       4967.3189  7.34503e-14
       4968.1963  7.41594e-14
       4969.0737  7.40462e-14
       4969.9510  7.36157e-14
       4970.8284  7.35362e-14
       4971.7058  7.47198e-14
       4972.5832  7.35765e-14
       4973.4606  7.40206e-14
       4974.3380  7.53767e-14
       4975.2154  7.43171e-14
       4976.0928  7.53005e-14
       4976.9702  7.60830e-14
       4977.8476  7.41072e-14
       4978.7250  7.55329e-14
       4979.6024  7.56639e-14
       4980.4798  7.51731e-14
       4981.3572  7.58945e-14
       4982.2346  7.73117e-14
       4983.1120  7.61067e-14
       4983.9894  7.62970e-14
       4984.8668  7.71573e-14
       4985.7442  7.69529e-14
       4986.6216  7.68604e-14
       4987.4990  7.75033e-14
       4988.3764  7.79231e-14
       4989.2538  7.79474e-14
       4990.1312  7.86254e-14
       4991.0086  7.83452e-14
       4991.8860  7.85041e-14
       4992.7634  7.80375e-14
       4993.6408  7.96520e-14
       4994.5182  7.97031e-14
       4995.3956  8.12461e-14
       4996.2730  7.99632e-14
       4997.1503  7.95468e-14
       4998.0277  8.09092e-14
       4998.9051  8.07402e-14
       4999.7825  8.11547e-14
       5000.6599  8.30288e-14
       5001.5373  8.31628e-14
       5002.4147  8.22557e-14
       5003.2921  8.28032e-14
       5004.1695  8.20819e-14
       5005.0469  8.20578e-14
       5005.9243  8.37300e-14
       5006.8017  8.35743e-14
       5007.6791  8.45127e-14
       5008.5565  8.50714e-14
       5009.4339  8.50342e-14
       5010.3113  8.55317e-14
       5011.1887  8.51361e-14
       5012.0661  8.58340e-14
       5012.9435  8.61933e-14
       5013.8209  8.57715e-14
       5014.6983  8.65095e-14
       5015.5757  8.71136e-14
       5016.4531  8.71981e-14
       5017.3305  8.74121e-14
       5018.2079  8.69483e-14
       5019.0853  8.71133e-14
       5019.9627  8.93084e-14
       5020.8401  8.83543e-14
       5021.7175  8.94026e-14
       5022.5949  8.86233e-14
       5023.4722  8.97859e-14
       5024.3496  8.97192e-14
       5025.2270  9.09258e-14
       5026.1044  9.09515e-14
       5026.9818  9.18181e-14
       5027.8592  9.03929e-14
       5028.7366  9.22097e-14
       5029.6140  9.25240e-14
       5030.4914  9.27281e-14
       5031.3688  9.19906e-14
       5032.2462  9.33348e-14
       5033.1236  9.26309e-14
       5034.0010  9.36193e-14
       5034.8784  9.29457e-14
       5035.7558  9.38065e-14
       5036.6332  9.56499e-14
       5037.5106  9.48171e-14
       5038.3880  9.41678e-14
       5039.2654  9.52599e-14
       5040.1428  9.71696e-14
       5041.0202  9.61976e-14
       5041.8976  9.70761e-14
       5042.7750  9.65142e-14
       5043.6524  9.72170e-14
       5044.5298  9.67354e-14
       5045.4072  9.84955e-14
       5046.2846  9.78631e-14
       5047.1620  9.81851e-14
       5048.0394  9.78880e-14
       5048.9168  9.84297e-14
       5049.7941  9.78138e-14
       5050.6715  9.80192e-14
       5051.5489  9.84641e-14
       5052.4263  9.81945e-14
       5053.3037  9.85404e-14
       5054.1811  9.90381e-14
       5055.0585  9.95585e-14
       5055.9359  9.89178e-14
       5056.8133  9.92205e-14
       5057.6907  9.95065e-14
       5058.5681  9.98694e-14
       5059.4455  1.01068e-13
       5060.3229  1.00586e-13
       5061.2003  9.94910e-14
       5062.0777  9.92710e-14
       5062.9551  9.99548e-14
       5063.8325  9.96557e-14
       5064.7099  1.01583e-13
       5065.5873  9.98479e-14
       5066.4647  9.96780e-14
       5067.3421  1.00556e-13
       5068.2195  9.99605e-14
       5069.0969  9.97168e-14
